20
9
18
28
14
29
32
25
25
25
18
18
14
19
27
25
14
34
20
23
16
11
28
28
23
18
18
29
13
36
12
19
17
22
15
23
19
21
16
11
19
20
18
14
21
22
38
26
32
23
25
10
11
19
21
16
6
8
14
24
25
33
24
29
14
42
27
21
19
13
9
26
30
40
25
25
38
17
35
20
21
11
18
29
25
29
38
31
12
16
21
38
19
27
19
9
33
17
15
27
38
26
16
25
28
22
30
31
28
27
12
38
31
37
36
36
12
22
31
35
24
30
22
40
19
23
13
15
21
25
26
29
14
22
15
27
11
24
22
30
44
25
19
13
16
35
27
28
28
31
19
15
32
35
25
29
12
35
33
20
17
14
25
23
20
24
23
22
27
19
33
17
17
22
39
24
37
29
28
36
27
40
34
25
13
19
15
13
38
22
40
13
17
24
30
16
27
23
26
34
14
18
33
22
31
18
19
21
33
16
17
20
26
33
28
25
19
18
34
23
25
28
16
33
15
10
11
20
13
24
29
27
22
15
21
38
21
22
26
30
24
26
18
44
25
30
34
16
15
22
24
34
31
20
33
19
15
35
31
34
28
26
17
23
9
26
40
28
12
29
35
13
14
24
30
13
21
26
25
10
16
19
10
12
39
35
29
19
23
19
25
23
24
23
33
19
44
24
19
22
22
34
17
19
23
18
21
28
31
42
22
21
31
12
38
34
20
25
19
38
43
23
38
34
16
34
28
23
22
22
20
15
18
15
35
36
8
29
32
22
43
38
14
12
34
22
18
17
15
13
29
